69 6d 70 6f 72 74 20 7b  20 67 65 74 53 75 70 61
62 61 73 65 41 64 6d 69  6e 20 7d 20 66 72 6f 6d
20 22 40 2f 6c 69 62 2f  73 75 70 61 62 61 73 65
2f 61 64 6d 69 6e 22 3b  0a 69 6d 70 6f 72 74 20
7b 20 4c 4f 43 4b 5f 44  55 52 41 54 49 4f 4e 5f
48 4f 55 52 53 20 7d 20  66 72 6f 6d 20 22 40 2f
6c 69 62 2f 63 68 61 74  2f 63 6f 6e 73 74 61 6e
74 73 22 3b 0a 69 6d 70  6f 72 74 20 7b 0a 20 20
62 75 69 6c 64 46 61 6c  6c 62 61 63 6b 43 68 61
72 61 63 74 65 72 2c 0a  20 20 69 73 55 73 61 62
6c 65 43 68 61 72 61 63  74 65 72 2c 0a 7d 20 66
72 6f 6d 20 22 40 2f 6c  69 62 2f 63 68 61 74 2f
63 68 61 72 61 63 74 65  72 2d 66 61 6c 6c 62 61
63 6b 73 22 3b 0a 69 6d  70 6f 72 74 20 74 79 70
65 20 7b 20 43 68 61 72  61 63 74 65 72 2c 20 43
6f 6e 76 65 72 73 61 74  69 6f 6e 20 7d 20 66 72
6f 6d 20 22 40 2f 6c 69  62 2f 74 79 70 65 73 2f
64 61 74 61 62 61 73 65  22 3b 0a 0a 66 75 6e 63
74 69 6f 6e 20 69 73 4d  69 73 73 69 6e 67 43 6f
6c 75 6d 6e 45 72 72 6f  72 28 65 72 72 6f 72 3a
20 7b 20 63 6f 64 65 3f  3a 20 73 74 72 69 6e 67
3b 20 6d 65 73 73 61 67  65 3f 3a 20 73 74 72 69
6e 67 20 7d 20 7c 20 6e  75 6c 6c 29 3a 20 62 6f
6f 6c 65 61 6e 20 7b 0a  20 20 69 66 20 28 21 65
72 72 6f 72 29 20 7b 0a  20 20 20 20 72 65 74 75
72 6e 20 66 61 6c 73 65  3b 0a 20 20 7d 0a 20 20
63 6f 6e 73 74 20 6d 65  73 73 61 67 65 20 3d 20
65 72 72 6f 72 2e 6d 65  73 73 61 67 65 3f 2e 74
6f 4c 6f 77 65 72 43 61  73 65 28 29 20 3f 3f 20
22 22 3b 0a 20 20 72 65  74 75 72 6e 20 28 0a 20
20 20 20 65 72 72 6f 72  2e 63 6f 64 65 20 3d 3d
3d 20 22 34 32 37 30 33  22 20 7c 7c 0a 20 20 20
20 6d 65 73 73 61 67 65  2e 69 6e 63 6c 75 64 65
73 28 22 63 68 61 72 61  63 74 65 72 5f 69 64 22
29 20 7c 7c 0a 20 20 20  20 6d 65 73 73 61 67 65
2e 69 6e 63 6c 75 64 65  73 28 22 73 74 6f 72 79
5f 69 64 22 29 0a 20 20  29 3b 0a 7d 0a 0a 65 78
70 6f 72 74 20 61 73 79  6e 63 20 66 75 6e 63 74
69 6f 6e 20 67 65 74 4f  72 43 72 65 61 74 65 43
6f 6e 76 65 72 73 61 74  69 6f 6e 28 0a 20 20 75
73 65 72 49 64 3a 20 73  74 72 69 6e 67 2c 0a 20
20 77 6f 72 6c 64 49 64  3a 20 6e 75 6d 62 65 72
2c 0a 20 20 73 74 6f 72  79 49 64 20 3d 20 22 64
65 66 61 75 6c 74 22 2c  0a 20 20 63 68 61 72 61
63 74 65 72 49 64 3f 3a  20 6e 75 6d 62 65 72 2c
0a 29 3a 20 50 72 6f 6d  69 73 65 3c 43 6f 6e 76
65 72 73 61 74 69 6f 6e  3e 20 7b 0a 20 20 63 6f
6e 73 74 20 73 75 70 61  62 61 73 65 20 3d 20 67
65 74 53 75 70 61 62 61  73 65 41 64 6d 69 6e 28
29 3b 0a 20 20 63 6f 6e  73 74 20 73 63 6f 70 65
64 43 68 61 72 61 63 74  65 72 49 64 20 3d 20 63
68 61 72 61 63 74 65 72  49 64 20 3f 3f 20 6e 75
6c 6c 3b 0a 0a 20 20 74  72 79 20 7b 0a 20 20 20
20 6c 65 74 20 66 69 6e  64 51 75 65 72 79 20 3d
20 73 75 70 61 62 61 73  65 0a 20 20 20 20 20 20
2e 66 72 6f 6d 28 22 63  6f 6e 76 65 72 73 61 74
69 6f 6e 73 22 29 0a 20  20 20 20 20 20 2e 73 65
6c 65 63 74 28 22 2a 22  29 0a 20 20 20 20 20 20
2e 65 71 28 22 75 73 65  72 5f 69 64 22 2c 20 75
73 65 72 49 64 29 0a 20  20 20 20 20 20 2e 65 71
28 22 77 6f 72 6c 64 5f  69 64 22 2c 20 77 6f 72
6c 64 49 64 29 0a 20 20  20 20 20 20 2e 65 71 28
22 73 74 6f 72 79 5f 69  64 22 2c 20 73 74 6f 72
79 49 64 29 3b 0a 0a 20  20 20 20 69 66 20 28 73
63 6f 70 65 64 43 68 61  72 61 63 74 65 72 49 64
20 21 3d 3d 20 6e 75 6c  6c 29 20 7b 0a 20 20 20
20 20 20 66 69 6e 64 51  75 65 72 79 20 3d 20 66
69 6e 64 51 75 65 72 79  2e 65 71 28 22 63 68 61
72 61 63 74 65 72 5f 69  64 22 2c 20 73 63 6f 70
65 64 43 68 61 72 61 63  74 65 72 49 64 29 3b 0a
20 20 20 20 7d 0a 0a 20  20 20 20 63 6f 6e 73 74
20 7b 20 64 61 74 61 3a  20 65 78 69 73 74 69 6e
67 2c 20 65 72 72 6f 72  3a 20 66 69 6e 64 45 72
72 6f 72 20 7d 20 3d 20  61 77 61 69 74 20 66 69
6e 64 51 75 65 72 79 2e  6d 61 79 62 65 53 69 6e
67 6c 65 28 29 3b 0a 0a  20 20 20 20 63 6f 6e 73
74 20 63 6f 6c 75 6d 6e  4d 69 73 73 69 6e 67 20
3d 20 69 73 4d 69 73 73  69 6e 67 43 6f 6c 75 6d
6e 45 72 72 6f 72 28 66  69 6e 64 45 72 72 6f 72
29 3b 0a 0a 20 20 20 20  69 66 20 28 66 69 6e 64
45 72 72 6f 72 20 21 3d  3d 20 6e 75 6c 6c 20 26
26 20 21 63 6f 6c 75 6d  6e 4d 69 73 73 69 6e 67
29 20 7b 0a 20 20 20 20  20 20 63 6f 6e 73 6f 6c
65 2e 77 61 72 6e 28 0a  20 20 20 20 20 20 20 20
22 5b 67 65 74 4f 72 43  72 65 61 74 65 43 6f 6e
76 65 72 73 61 74 69 6f  6e 5d 20 53 45 4c 45 43
54 20 65 72 72 6f 72 2c  20 74 72 79 69 6e 67 20
66 61 6c 6c 62 61 63 6b  20 70 61 74 68 3a 22 2c
0a 20 20 20 20 20 20 20  20 66 69 6e 64 45 72 72
6f 72 2e 6d 65 73 73 61  67 65 2c 0a 20 20 20 20
20 20 29 3b 0a 20 20 20  20 7d 0a 0a 20 20 20 20
69 66 20 28 65 78 69 73  74 69 6e 67 20 21 3d 3d
20 6e 75 6c 6c 20 26 26  20 65 78 69 73 74 69 6e
67 20 21 3d 3d 20 75 6e  64 65 66 69 6e 65 64 29
20 7b 0a 20 20 20 20 20  20 72 65 74 75 72 6e 20
65 78 69 73 74 69 6e 67  20 61 73 20 43 6f 6e 76
65 72 73 61 74 69 6f 6e  3b 0a 20 20 20 20 7d 0a
0a 20 20 20 20 69 66 20  28 21 63 6f 6c 75 6d 6e
4d 69 73 73 69 6e 67 29  20 7b 0a 20 20 20 20 20
20 63 6f 6e 73 74 20 69  6e 73 65 72 74 50 61 79
6c 6f 61 64 3a 20 52 65  63 6f 72 64 3c 73 74 72
69 6e 67 2c 20 75 6e 6b  6e 6f 77 6e 3e 20 3d 20
7b 0a 20 20 20 20 20 20  20 20 75 73 65 72 5f 69
64 3a 20 75 73 65 72 49  64 2c 0a 20 20 20 20 20
20 20 20 77 6f 72 6c 64  5f 69 64 3a 20 77 6f 72
6c 64 49 64 2c 0a 20 20  20 20 20 20 20 20 73 74
6f 72 79 5f 69 64 3a 20  73 74 6f 72 79 49 64 2c
0a 20 20 20 20 20 20 7d  3b 0a 0a 20 20 20 20 20
20 69 66 20 28 73 63 6f  70 65 64 43 68 61 72 61
63 74 65 72 49 64 20 21  3d 3d 20 6e 75 6c 6c 29
20 7b 0a 20 20 20 20 20  20 20 20 69 6e 73 65 72
74 50 61 79 6c 6f 61 64  2e 63 68 61 72 61 63 74
65 72 5f 69 64 20 3d 20  73 63 6f 70 65 64 43 68
61 72 61 63 74 65 72 49  64 3b 0a 20 20 20 20 20
20 7d 0a 0a 20 20 20 20  20 20 63 6f 6e 73 74 20
7b 20 64 61 74 61 3a 20  63 72 65 61 74 65 64 2c
20 65 72 72 6f 72 3a 20  69 6e 73 65 72 74 45 72
72 6f 72 20 7d 20 3d 20  61 77 61 69 74 20 73 75
70 61 62 61 73 65 0a 20  20 20 20 20 20 20 20 2e
66 72 6f 6d 28 22 63 6f  6e 76 65 72 73 61 74 69
6f 6e 73 22 29 0a 20 20  20 20 20 20 20 20 2e 69
6e 73 65 72 74 28 69 6e  73 65 72 74 50 61 79 6c
6f 61 64 29 0a 20 20 20  20 20 20 20 20 2e 73 65
6c 65 63 74 28 22 2a 22  29 0a 20 20 20 20 20 20
20 20 2e 73 69 6e 67 6c  65 28 29 3b 0a 0a 20 20
20 20 20 20 69 66 20 28  63 72 65 61 74 65 64 20
21 3d 3d 20 6e 75 6c 6c  20 26 26 20 63 72 65 61
74 65 64 20 21 3d 3d 20  75 6e 64 65 66 69 6e 65
64 29 20 7b 0a 20 20 20  20 20 20 20 20 72 65 74
75 72 6e 20 63 72 65 61  74 65 64 20 61 73 20 43
6f 6e 76 65 72 73 61 74  69 6f 6e 3b 0a 20 20 20
20 20 20 7d 0a 0a 20 20  20 20 20 20 63 6f 6e 73
6f 6c 65 2e 77 61 72 6e  28 0a 20 20 20 20 20 20
20 20 22 5b 67 65 74 4f  72 43 72 65 61 74 65 43
6f 6e 76 65 72 73 61 74  69 6f 6e 5d 20 49 4e 53
45 52 54 20 66 61 69 6c  65 64 2c 20 72 65 74 72
79 69 6e 67 20 53 45 4c  45 43 54 3a 22 2c 0a 20
20 20 20 20 20 20 20 69  6e 73 65 72 74 45 72 72
6f 72 3f 2e 6d 65 73 73  61 67 65 20 3f 3f 20 22
75 6e 6b 6e 6f 77 6e 22  2c 0a 20 20 20 20 20 20
29 3b 0a 0a 20 20 20 20  20 20 6c 65 74 20 72 65
63 6f 76 65 72 79 51 75  65 72 79 20 3d 20 73 75
70 61 62 61 73 65 0a 20  20 20 20 20 20 20 20 2e
66 72 6f 6d 28 22 63 6f  6e 76 65 72 73 61 74 69
6f 6e 73 22 29 0a 20 20  20 20 20 20 20 20 2e 73
65 6c 65 63 74 28 22 2a  22 29 0a 20 20 20 20 20
20 20 20 2e 65 71 28 22  75 73 65 72 5f 69 64 22
2c 20 75 73 65 72 49 64  29 0a 20 20 20 20 20 20
20 20 2e 65 71 28 22 77  6f 72 6c 64 5f 69 64 22
2c 20 77 6f 72 6c 64 49  64 29 0a 20 20 20 20 20
20 20 20 2e 65 71 28 22  73 74 6f 72 79 5f 69 64
22 2c 20 73 74 6f 72 79  49 64 29 3b 0a 0a 20 20
20 20 20 20 69 66 20 28  73 63 6f 70 65 64 43 68
61 72 61 63 74 65 72 49  64 20 21 3d 3d 20 6e 75
6c 6c 29 20 7b 0a 20 20  20 20 20 20 20 20 72 65
63 6f 76 65 72 79 51 75  65 72 79 20 3d 20 72 65
63 6f 76 65 72 79 51 75  65 72 79 2e 65 71 28 22
63 68 61 72 61 63 74 65  72 5f 69 64 22 2c 20 73
63 6f 70 65 64 43 68 61  72 61 63 74 65 72 49 64
29 3b 0a 20 20 20 20 20  20 7d 0a 0a 20 20 20 20
20 20 63 6f 6e 73 74 20  7b 20 64 61 74 61 3a 20
72 65 63 6f 76 65 72 65  64 2c 20 65 72 72 6f 72
3a 20 72 65 63 6f 76 65  72 79 45 72 72 6f 72 20
7d 20 3d 0a 20 20 20 20  20 20 20 20 61 77 61 69
74 20 72 65 63 6f 76 65  72 79 51 75 65 72 79 2e
6d 61 79 62 65 53 69 6e  67 6c 65 28 29 3b 0a 0a
20 20 20 20 20 20 69 66  20 28 72 65 63 6f 76 65
72 65 64 20 21 3d 3d 20  6e 75 6c 6c 20 26 26 20
72 65 63 6f 76 65 72 65  64 20 21 3d 3d 20 75 6e
64 65 66 69 6e 65 64 29  20 7b 0a 20 20 20 20 20
20 20 20 72 65 74 75 72  6e 20 72 65 63 6f 76 65
72 65 64 20 61 73 20 43  6f 6e 76 65 72 73 61 74
69 6f 6e 3b 0a 20 20 20  20 20 20 7d 0a 0a 20 20
20 20 20 20 69 66 20 28  72 65 63 6f 76 65 72 79
45 72 72 6f 72 29 20 7b  0a 20 20 20 20 20 20 20
20 63 6f 6e 73 6f 6c 65  2e 77 61 72 6e 28 0a 20
20 20 20 20 20 20 20 20  20 22 5b 67 65 74 4f 72
43 72 65 61 74 65 43 6f  6e 76 65 72 73 61 74 69
6f 6e 5d 20 52 65 63 6f  76 65 72 79 20 53 45 4c
45 43 54 20 66 61 69 6c  65 64 3a 22 2c 0a 20 20
20 20 20 20 20 20 20 20  72 65 63 6f 76 65 72 79
45 72 72 6f 72 2e 6d 65  73 73 61 67 65 2c 0a 20
20 20 20 20 20 20 20 29  3b 0a 20 20 20 20 20 20
7d 0a 20 20 20 20 7d 0a  20 20 7d 20 63 61 74 63
68 20 28 65 72 72 29 20  7b 0a 20 20 20 20 63 6f
6e 73 6f 6c 65 2e 77 61  72 6e 28 22 5b 67 65 74
4f 72 43 72 65 61 74 65  43 6f 6e 76 65 72 73 61
74 69 6f 6e 5d 20 73 63  6f 70 65 64 20 70 61 74
68 20 74 68 72 65 77 2c  20 66 61 6c 6c 69 6e 67
20 62 61 63 6b 3a 22 2c  20 65 72 72 29 3b 0a 20
20 7d 0a 0a 20 20 63 6f  6e 73 74 20 7b 20 64 61
74 61 3a 20 77 6f 72 6c  64 45 78 69 73 74 69 6e
67 20 7d 20 3d 20 61 77  61 69 74 20 73 75 70 61
62 61 73 65 0a 20 20 20  20 2e 66 72 6f 6d 28 22
63 6f 6e 76 65 72 73 61  74 69 6f 6e 73 22 29 0a
20 20 20 20 2e 73 65 6c  65 63 74 28 22 2a 22 29
0a 20 20 20 20 2e 65 71  28 22 75 73 65 72 5f 69
64 22 2c 20 75 73 65 72  49 64 29 0a 20 20 20 20
2e 65 71 28 22 77 6f 72  6c 64 5f 69 64 22 2c 20
77 6f 72 6c 64 49 64 29  0a 20 20 20 20 2e 6d 61
79 62 65 53 69 6e 67 6c  65 28 29 3b 0a 0a 20 20
69 66 20 28 77 6f 72 6c  64 45 78 69 73 74 69 6e
67 20 21 3d 3d 20 6e 75  6c 6c 20 26 26 20 77 6f
72 6c 64 45 78 69 73 74  69 6e 67 20 21 3d 3d 20
75 6e 64 65 66 69 6e 65  64 29 20 7b 0a 20 20 20
20 72 65 74 75 72 6e 20  77 6f 72 6c 64 45 78 69
73 74 69 6e 67 20 61 73  20 43 6f 6e 76 65 72 73
61 74 69 6f 6e 3b 0a 20  20 7d 0a 0a 20 20 63 6f
6e 73 74 20 6c 65 67 61  63 79 49 6e 73 65 72 74
3a 20 52 65 63 6f 72 64  3c 73 74 72 69 6e 67 2c
20 75 6e 6b 6e 6f 77 6e  3e 20 3d 20 7b 0a 20 20
20 20 75 73 65 72 5f 69  64 3a 20 75 73 65 72 49
64 2c 0a 20 20 20 20 77  6f 72 6c 64 5f 69 64 3a
20 77 6f 72 6c 64 49 64  2c 0a 20 20 7d 3b 0a 0a
20 20 63 6f 6e 73 74 20  7b 20 64 61 74 61 3a 20
77 6f 72 6c 64 43 72 65  61 74 65 64 2c 20 65 72
72 6f 72 3a 20 77 6f 72  6c 64 49 6e 73 65 72 74
45 72 72 6f 72 20 7d 20  3d 20 61 77 61 69 74 20
73 75 70 61 62 61 73 65  0a 20 20 20 20 2e 66 72
6f 6d 28 22 63 6f 6e 76  65 72 73 61 74 69 6f 6e
73 22 29 0a 20 20 20 20  2e 69 6e 73 65 72 74 28
6c 65 67 61 63 79 49 6e  73 65 72 74 29 0a 20 20
20 20 2e 73 65 6c 65 63  74 28 22 2a 22 29 0a 20
20 20 20 2e 73 69 6e 67  6c 65 28 29 3b 0a 0a 20
20 69 66 20 28 77 6f 72  6c 64 43 72 65 61 74 65
64 20 21 3d 3d 20 6e 75  6c 6c 20 26 26 20 77 6f
72 6c 64 43 72 65 61 74  65 64 20 21 3d 3d 20 75
6e 64 65 66 69 6e 65 64  29 20 7b 0a 20 20 20 20
72 65 74 75 72 6e 20 77  6f 72 6c 64 43 72 65 61
74 65 64 20 61 73 20 43  6f 6e 76 65 72 73 61 74
69 6f 6e 3b 0a 20 20 7d  0a 0a 20 20 63 6f 6e 73
74 20 7b 20 64 61 74 61  3a 20 77 6f 72 6c 64 52
65 74 72 69 65 64 2c 20  65 72 72 6f 72 3a 20 77
6f 72 6c 64 52 65 74 72  79 45 72 72 6f 72 20 7d
20 3d 20 61 77 61 69 74  20 73 75 70 61 62 61 73
65 0a 20 20 20 20 2e 66  72 6f 6d 28 22 63 6f 6e
76 65 72 73 61 74 69 6f  6e 73 22 29 0a 20 20 20
20 2e 73 65 6c 65 63 74  28 22 2a 22 29 0a 20 20
20 20 2e 65 71 28 22 75  73 65 72 5f 69 64 22 2c
20 75 73 65 72 49 64 29  0a 20 20 20 20 2e 65 71
28 22 77 6f 72 6c 64 5f  69 64 22 2c 20 77 6f 72
6c 64 49 64 29 0a 20 20  20 20 2e 6d 61 79 62 65
53 69 6e 67 6c 65 28 29  3b 0a 0a 20 20 69 66 20
28 77 6f 72 6c 64 52 65  74 72 69 65 64 20 21 3d
3d 20 6e 75 6c 6c 20 26  26 20 77 6f 72 6c 64 52
65 74 72 69 65 64 20 21  3d 3d 20 75 6e 64 65 66
69 6e 65 64 29 20 7b 0a  20 20 20 20 72 65 74 75
72 6e 20 77 6f 72 6c 64  52 65 74 72 69 65 64 20
61 73 20 43 6f 6e 76 65  72 73 61 74 69 6f 6e 3b
0a 20 20 7d 0a 0a 20 20  74 68 72 6f 77 20 6e 65
77 20 45 72 72 6f 72 28  0a 20 20 20 20 60 67 65
74 4f 72 43 72 65 61 74  65 43 6f 6e 76 65 72 73
61 74 69 6f 6e 3a 20 61  6c 6c 20 61 74 74 65 6d
70 74 73 20 65 78 68 61  75 73 74 65 64 2e 20 4c
61 73 74 20 65 72 72 6f  72 3a 20 24 7b 77 6f 72
6c 64 52 65 74 72 79 45  72 72 6f 72 3f 2e 6d 65
73 73 61 67 65 20 3f 3f  20 77 6f 72 6c 64 49 6e
73 65 72 74 45 72 72 6f  72 3f 2e 6d 65 73 73 61
67 65 20 3f 3f 20 22 75  6e 6b 6e 6f 77 6e 22 7d
60 2c 0a 20 20 29 3b 0a  7d 0a 0a 65 78 70 6f 72
74 20 66 75 6e 63 74 69  6f 6e 20 69 73 43 6f 6e
76 65 72 73 61 74 69 6f  6e 4c 6f 63 6b 65 64 28
63 6f 6e 76 65 72 73 61  74 69 6f 6e 3a 20 43 6f
6e 76 65 72 73 61 74 69  6f 6e 29 3a 20 62 6f 6f
6c 65 61 6e 20 7b 0a 20  20 69 66 20 28 21 63 6f
6e 76 65 72 73 61 74 69  6f 6e 2e 6c 6f 63 6b 65
64 5f 75 6e 74 69 6c 29  20 7b 0a 20 20 20 20 72
65 74 75 72 6e 20 66 61  6c 73 65 3b 0a 20 20 7d
0a 20 20 72 65 74 75 72  6e 20 6e 65 77 20 44 61
74 65 28 63 6f 6e 76 65  72 73 61 74 69 6f 6e 2e
6c 6f 63 6b 65 64 5f 75  6e 74 69 6c 29 2e 67 65
74 54 69 6d 65 28 29 20  3e 20 44 61 74 65 2e 6e
6f 77 28 29 3b 0a 7d 0a  0a 61 73 79 6e 63 20 66
75 6e 63 74 69 6f 6e 20  75 70 73 65 72 74 46 61
6c 6c 62 61 63 6b 43 68  61 72 61 63 74 65 72 52
65 63 6f 72 64 28 63 68  61 72 61 63 74 65 72 3a
20 43 68 61 72 61 63 74  65 72 29 3a 20 50 72 6f
6d 69 73 65 3c 76 6f 69  64 3e 20 7b 0a 20 20 74
72 79 20 7b 0a 20 20 20  20 63 6f 6e 73 74 20 73
75 70 61 62 61 73 65 20  3d 20 67 65 74 53 75 70
61 62 61 73 65 41 64 6d  69 6e 28 29 3b 0a 20 20
20 20 63 6f 6e 73 74 20  7b 20 65 72 72 6f 72 20
7d 20 3d 20 61 77 61 69  74 20 73 75 70 61 62 61
73 65 2e 66 72 6f 6d 28  22 63 68 61 72 61 63 74
65 72 73 22 29 2e 75 70  73 65 72 74 28 0a 20 20
20 20 20 20 7b 0a 20 20  20 20 20 20 20 20 69 64
3a 20 63 68 61 72 61 63  74 65 72 2e 69 64 2c 0a
20 20 20 20 20 20 20 20  77 6f 72 6c 64 5f 69 64
3a 20 63 68 61 72 61 63  74 65 72 2e 77 6f 72 6c
64 5f 69 64 2c 0a 20 20  20 20 20 20 20 20 6e 61
6d 65 3a 20 63 68 61 72  61 63 74 65 72 2e 6e 61
6d 65 2c 0a 20 20 20 20  20 20 20 20 61 76 61 74
61 72 5f 75 72 6c 3a 20  63 68 61 72 61 63 74 65
72 2e 61 76 61 74 61 72  5f 75 72 6c 2c 0a 20 20
20 20 20 20 20 20 73 79  73 74 65 6d 5f 70 72 6f
6d 70 74 3a 20 63 68 61  72 61 63 74 65 72 2e 73
79 73 74 65 6d 5f 70 72  6f 6d 70 74 2c 0a 20 20
20 20 20 20 20 20 70 65  72 73 6f 6e 61 6c 69 74
79 3a 20 63 68 61 72 61  63 74 65 72 2e 70 65 72
73 6f 6e 61 6c 69 74 79  2c 0a 20 20 20 20 20 20
7d 2c 0a 20 20 20 20 20  20 7b 20 6f 6e 43 6f 6e
66 6c 69 63 74 3a 20 22  69 64 22 20 7d 2c 0a 20
20 20 20 29 3b 0a 0a 20  20 20 20 69 66 20 28 65
72 72 6f 72 29 20 7b 0a  20 20 20 20 20 20 63 6f
6e 73 6f 6c 65 2e 77 61  72 6e 28 0a 20 20 20 20
20 20 20 20 60 5b 67 65  74 43 68 61 72 61 63 74
65 72 5d 20 66 61 6c 6c  62 61 63 6b 20 75 70 73
65 72 74 20 66 61 69 6c  65 64 20 66 6f 72 20 49
44 20 24 7b 63 68 61 72  61 63 74 65 72 2e 69 64
7d 3a 60 2c 0a 20 20 20  20 20 20 20 20 65 72 72
6f 72 2e 6d 65 73 73 61  67 65 2c 0a 20 20 20 20
20 20 29 3b 0a 20 20 20  20 7d 0a 20 20 7d 20 63
61 74 63 68 20 28 65 72  72 6f 72 29 20 7b 0a 20
20 20 20 63 6f 6e 73 6f  6c 65 2e 77 61 72 6e 28
0a 20 20 20 20 20 20 60  5b 67 65 74 43 68 61 72
61 63 74 65 72 5d 20 66  61 6c 6c 62 61 63 6b 20
75 70 73 65 72 74 20 66  61 69 6c 65 64 20 66 6f
72 20 49 44 20 24 7b 63  68 61 72 61 63 74 65 72
2e 69 64 7d 3a 60 2c 0a  20 20 20 20 20 20 65 72
72 6f 72 2c 0a 20 20 20  20 29 3b 0a 20 20 7d 0a
7d 0a 0a 61 73 79 6e 63  20 66 75 6e 63 74 69 6f
6e 20 72 65 73 6f 6c 76  65 43 68 61 72 61 63 74
65 72 46 61 6c 6c 62 61  63 6b 28 63 68 61 72 61
63 74 65 72 49 64 3a 20  6e 75 6d 62 65 72 29 3a
20 50 72 6f 6d 69 73 65  3c 43 68 61 72 61 63 74
65 72 3e 20 7b 0a 20 20  63 6f 6e 73 6f 6c 65 2e
77 61 72 6e 28 0a 20 20  20 20 60 5b 67 65 74 43
68 61 72 61 63 74 65 72  5d 20 49 44 20 24 7b 63
68 61 72 61 63 74 65 72  49 64 7d 20 6e 6f 74 20
66 6f 75 6e 64 2c 20 75  73 69 6e 67 20 66 61 6c
6c 62 61 63 6b 20 4c 75  63 69 65 6e 2f 4b 61 65
6c 20 64 61 74 61 20 73  63 68 65 6d 61 2e 60 2c
0a 20 20 29 3b 0a 20 20  63 6f 6e 73 74 20 66 61
6c 6c 62 61 63 6b 20 3d  20 62 75 69 6c 64 46 61
6c 6c 62 61 63 6b 43 68  61 72 61 63 74 65 72 28
63 68 61 72 61 63 74 65  72 49 64 29 3b 0a 20 20
61 77 61 69 74 20 75 70  73 65 72 74 46 61 6c 6c
62 61 63 6b 43 68 61 72  61 63 74 65 72 52 65 63
6f 72 64 28 66 61 6c 6c  62 61 63 6b 29 3b 0a 20
20 72 65 74 75 72 6e 20  66 61 6c 6c 62 61 63 6b
3b 0a 7d 0a 0a 65 78 70  6f 72 74 20 61 73 79 6e
63 20 66 75 6e 63 74 69  6f 6e 20 67 65 74 43 68
61 72 61 63 74 65 72 28  63 68 61 72 61 63 74 65
72 49 64 3a 20 6e 75 6d  62 65 72 29 3a 20 50 72
6f 6d 69 73 65 3c 43 68  61 72 61 63 74 65 72 3e
20 7b 0a 20 20 74 72 79  20 7b 0a 20 20 20 20 63
6f 6e 73 74 20 73 75 70  61 62 61 73 65 20 3d 20
67 65 74 53 75 70 61 62  61 73 65 41 64 6d 69 6e
28 29 3b 0a 0a 20 20 20  20 63 6f 6e 73 74 20 7b
20 64 61 74 61 2c 20 65  72 72 6f 72 20 7d 20 3d
20 61 77 61 69 74 20 73  75 70 61 62 61 73 65 0a
20 20 20 20 20 20 2e 66  72 6f 6d 28 22 63 68 61
72 61 63 74 65 72 73 22  29 0a 20 20 20 20 20 20
2e 73 65 6c 65 63 74 28  22 2a 22 29 0a 20 20 20
20 20 20 2e 65 71 28 22  69 64 22 2c 20 63 68 61
72 61 63 74 65 72 49 64  29 0a 20 20 20 20 20 20
2e 6d 61 79 62 65 53 69  6e 67 6c 65 28 29 3b 0a
0a 20 20 20 20 69 66 20  28 21 65 72 72 6f 72 20
26 26 20 69 73 55 73 61  62 6c 65 43 68 61 72 61
63 74 65 72 28 64 61 74  61 20 61 73 20 43 68 61
72 61 63 74 65 72 29 29  20 7b 0a 20 20 20 20 20
20 72 65 74 75 72 6e 20  64 61 74 61 20 61 73 20
43 68 61 72 61 63 74 65  72 3b 0a 20 20 20 20 7d
0a 0a 20 20 20 20 72 65  74 75 72 6e 20 72 65 73
6f 6c 76 65 43 68 61 72  61 63 74 65 72 46 61 6c
6c 62 61 63 6b 28 63 68  61 72 61 63 74 65 72 49
64 29 3b 0a 20 20 7d 20  63 61 74 63 68 20 28 65
72 72 6f 72 29 20 7b 0a  20 20 20 20 63 6f 6e 73
6f 6c 65 2e 77 61 72 6e  28 0a 20 20 20 20 20 20
60 5b 67 65 74 43 68 61  72 61 63 74 65 72 5d 20
49 44 20 24 7b 63 68 61  72 61 63 74 65 72 49 64
7d 20 6c 6f 6f 6b 75 70  20 66 61 69 6c 65 64 2c
20 75 73 69 6e 67 20 66  61 6c 6c 62 61 63 6b 20
4c 75 63 69 65 6e 2f 4b  61 65 6c 20 64 61 74 61
20 73 63 68 65 6d 61 2e  60 2c 0a 20 20 20 20 20
20 65 72 72 6f 72 2c 0a  20 20 20 20 29 3b 0a 20
20 20 20 72 65 74 75 72  6e 20 72 65 73 6f 6c 76
65 43 68 61 72 61 63 74  65 72 46 61 6c 6c 62 61
63 6b 28 63 68 61 72 61  63 74 65 72 49 64 29 3b
0a 20 20 7d 0a 7d 0a 0a  65 78 70 6f 72 74 20 61
73 79 6e 63 20 66 75 6e  63 74 69 6f 6e 20 63 6f
75 6e 74 41 73 73 69 73  74 61 6e 74 4d 65 73 73
61 67 65 73 28 0a 20 20  63 6f 6e 76 65 72 73 61
74 69 6f 6e 49 64 3a 20  6e 75 6d 62 65 72 2c 0a
29 3a 20 50 72 6f 6d 69  73 65 3c 6e 75 6d 62 65
72 3e 20 7b 0a 20 20 63  6f 6e 73 74 20 73 75 70
61 62 61 73 65 20 3d 20  67 65 74 53 75 70 61 62
61 73 65 41 64 6d 69 6e  28 29 3b 0a 0a 20 20 63
6f 6e 73 74 20 7b 20 63  6f 75 6e 74 2c 20 65 72
72 6f 72 20 7d 20 3d 20  61 77 61 69 74 20 73 75
70 61 62 61 73 65 0a 20  20 20 20 2e 66 72 6f 6d
28 22 6d 65 73 73 61 67  65 73 22 29 0a 20 20 20
20 2e 73 65 6c 65 63 74  28 22 69 64 22 2c 20 7b
20 63 6f 75 6e 74 3a 20  22 65 78 61 63 74 22 2c
20 68 65 61 64 3a 20 74  72 75 65 20 7d 29 0a 20
20 20 20 2e 65 71 28 22  63 6f 6e 76 65 72 73 61
74 69 6f 6e 5f 69 64 22  2c 20 63 6f 6e 76 65 72
73 61 74 69 6f 6e 49 64  29 0a 20 20 20 20 2e 6e
6f 74 28 22 63 68 61 72  61 63 74 65 72 5f 69 64
22 2c 20 22 69 73 22 2c  20 6e 75 6c 6c 29 3b 0a
0a 20 20 69 66 20 28 65  72 72 6f 72 29 20 7b 0a
20 20 20 20 74 68 72 6f  77 20 6e 65 77 20 45 72
72 6f 72 28 60 46 61 69  6c 65 64 20 74 6f 20 63
6f 75 6e 74 20 61 73 73  69 73 74 61 6e 74 20 6d
65 73 73 61 67 65 73 3a  20 24 7b 65 72 72 6f 72
2e 6d 65 73 73 61 67 65  7d 60 29 3b 0a 20 20 7d
0a 0a 20 20 72 65 74 75  72 6e 20 63 6f 75 6e 74
20 3f 3f 20 30 3b 0a 7d  0a 0a 65 78 70 6f 72 74
20 61 73 79 6e 63 20 66  75 6e 63 74 69 6f 6e 20
63 6f 75 6e 74 43 6f 6e  76 65 72 73 61 74 69 6f
6e 4d 65 73 73 61 67 65  73 28 0a 20 20 63 6f 6e
76 65 72 73 61 74 69 6f  6e 49 64 3a 20 6e 75 6d
62 65 72 2c 0a 29 3a 20  50 72 6f 6d 69 73 65 3c
6e 75 6d 62 65 72 3e 20  7b 0a 20 20 63 6f 6e 73
74 20 73 75 70 61 62 61  73 65 20 3d 20 67 65 74
53 75 70 61 62 61 73 65  41 64 6d 69 6e 28 29 3b
0a 0a 20 20 63 6f 6e 73  74 20 7b 20 63 6f 75 6e
74 2c 20 65 72 72 6f 72  20 7d 20 3d 20 61 77 61
69 74 20 73 75 70 61 62  61 73 65 0a 20 20 20 20
2e 66 72 6f 6d 28 22 6d  65 73 73 61 67 65 73 22
29 0a 20 20 20 20 2e 73  65 6c 65 63 74 28 22 69
64 22 2c 20 7b 20 63 6f  75 6e 74 3a 20 22 65 78
61 63 74 22 2c 20 68 65  61 64 3a 20 74 72 75 65
20 7d 29 0a 20 20 20 20  2e 65 71 28 22 63 6f 6e
76 65 72 73 61 74 69 6f  6e 5f 69 64 22 2c 20 63
6f 6e 76 65 72 73 61 74  69 6f 6e 49 64 29 3b 0a
0a 20 20 69 66 20 28 65  72 72 6f 72 29 20 7b 0a
20 20 20 20 74 68 72 6f  77 20 6e 65 77 20 45 72
72 6f 72 28 60 46 61 69  6c 65 64 20 74 6f 20 63
6f 75 6e 74 20 6d 65 73  73 61 67 65 73 3a 20 24
7b 65 72 72 6f 72 2e 6d  65 73 73 61 67 65 7d 60
29 3b 0a 20 20 7d 0a 0a  20 20 72 65 74 75 72 6e
20 63 6f 75 6e 74 20 3f  3f 20 30 3b 0a 7d 0a 0a
65 78 70 6f 72 74 20 61  73 79 6e 63 20 66 75 6e
63 74 69 6f 6e 20 69 6e  73 65 72 74 55 73 65 72
4d 65 73 73 61 67 65 28  0a 20 20 63 6f 6e 76 65
72 73 61 74 69 6f 6e 49  64 3a 20 6e 75 6d 62 65
72 2c 0a 20 20 63 6f 6e  74 65 6e 74 3a 20 73 74
72 69 6e 67 2c 0a 29 3a  20 50 72 6f 6d 69 73 65
3c 6e 75 6d 62 65 72 3e  20 7b 0a 20 20 63 6f 6e
73 74 20 73 75 70 61 62  61 73 65 20 3d 20 67 65
74 53 75 70 61 62 61 73  65 41 64 6d 69 6e 28 29
3b 0a 0a 20 20 63 6f 6e  73 74 20 7b 20 64 61 74
61 2c 20 65 72 72 6f 72  20 7d 20 3d 20 61 77 61
69 74 20 73 75 70 61 62  61 73 65 0a 20 20 20 20
2e 66 72 6f 6d 28 22 6d  65 73 73 61 67 65 73 22
29 0a 20 20 20 20 2e 69  6e 73 65 72 74 28 7b 0a
20 20 20 20 20 20 63 6f  6e 76 65 72 73 61 74 69
6f 6e 5f 69 64 3a 20 63  6f 6e 76 65 72 73 61 74
69 6f 6e 49 64 2c 0a 20  20 20 20 20 20 63 68 61
72 61 63 74 65 72 5f 69  64 3a 20 6e 75 6c 6c 2c
0a 20 20 20 20 20 20 63  6f 6e 74 65 6e 74 2c 0a
20 20 20 20 7d 29 0a 20  20 20 20 2e 73 65 6c 65
63 74 28 22 69 64 22 29  0a 20 20 20 20 2e 73 69
6e 67 6c 65 28 29 3b 0a  0a 20 20 69 66 20 28 65
72 72 6f 72 20 7c 7c 20  21 64 61 74 61 29 20 7b
0a 20 20 20 20 74 68 72  6f 77 20 6e 65 77 20 45
72 72 6f 72 28 0a 20 20  20 20 20 20 60 46 61 69
6c 65 64 20 74 6f 20 69  6e 73 65 72 74 20 75 73
65 72 20 6d 65 73 73 61  67 65 3a 20 24 7b 65 72
72 6f 72 3f 2e 6d 65 73  73 61 67 65 20 3f 3f 20
22 75 6e 6b 6e 6f 77 6e  22 7d 60 2c 0a 20 20 20
20 29 3b 0a 20 20 7d 0a  0a 20 20 72 65 74 75 72
6e 20 64 61 74 61 2e 69  64 20 61 73 20 6e 75 6d
62 65 72 3b 0a 7d 0a 0a  65 78 70 6f 72 74 20 61
73 79 6e 63 20 66 75 6e  63 74 69 6f 6e 20 69 6e
73 65 72 74 41 73 73 69  73 74 61 6e 74 4d 65 73
73 61 67 65 28 0a 20 20  63 6f 6e 76 65 72 73 61
74 69 6f 6e 49 64 3a 20  6e 75 6d 62 65 72 2c 0a
20 20 63 68 61 72 61 63  74 65 72 49 64 3a 20 6e
75 6d 62 65 72 2c 0a 20  20 63 6f 6e 74 65 6e 74
3a 20 73 74 72 69 6e 67  2c 0a 29 3a 20 50 72 6f
6d 69 73 65 3c 6e 75 6d  62 65 72 3e 20 7b 0a 20
20 63 6f 6e 73 74 20 73  75 70 61 62 61 73 65 20
3d 20 67 65 74 53 75 70  61 62 61 73 65 41 64 6d
69 6e 28 29 3b 0a 0a 20  20 63 6f 6e 73 74 20 66
61 6c 6c 62 61 63 6b 20  3d 20 62 75 69 6c 64 46
61 6c 6c 62 61 63 6b 43  68 61 72 61 63 74 65 72
28 63 68 61 72 61 63 74  65 72 49 64 29 3b 0a 20
20 63 6f 6e 73 74 20 7b  20 65 72 72 6f 72 3a 20
63 68 61 72 61 63 74 65  72 55 70 73 65 72 74 45
72 72 6f 72 20 7d 20 3d  20 61 77 61 69 74 20 73
75 70 61 62 61 73 65 0a  20 20 20 20 2e 66 72 6f
6d 28 22 63 68 61 72 61  63 74 65 72 73 22 29 0a
20 20 20 20 2e 75 70 73  65 72 74 28 0a 20 20 20
20 20 20 7b 0a 20 20 20  20 20 20 20 20 69 64 3a
20 66 61 6c 6c 62 61 63  6b 2e 69 64 2c 0a 20 20
20 20 20 20 20 20 77 6f  72 6c 64 5f 69 64 3a 20
66 61 6c 6c 62 61 63 6b  2e 77 6f 72 6c 64 5f 69
64 2c 0a 20 20 20 20 20  20 20 20 6e 61 6d 65 3a
20 66 61 6c 6c 62 61 63  6b 2e 6e 61 6d 65 2c 0a
20 20 20 20 20 20 20 20  61 76 61 74 61 72 5f 75
72 6c 3a 20 66 61 6c 6c  62 61 63 6b 2e 61 76 61
74 61 72 5f 75 72 6c 2c  0a 20 20 20 20 20 20 20
20 73 79 73 74 65 6d 5f  70 72 6f 6d 70 74 3a 20
66 61 6c 6c 62 61 63 6b  2e 73 79 73 74 65 6d 5f
70 72 6f 6d 70 74 2c 0a  20 20 20 20 20 20 20 20
70 65 72 73 6f 6e 61 6c  69 74 79 3a 20 66 61 6c
6c 62 61 63 6b 2e 70 65  72 73 6f 6e 61 6c 69 74
79 2c 0a 20 20 20 20 20  20 7d 2c 0a 20 20 20 20
20 20 7b 20 6f 6e 43 6f  6e 66 6c 69 63 74 3a 20
22 69 64 22 2c 20 69 67  6e 6f 72 65 44 75 70 6c
69 63 61 74 65 73 3a 20  74 72 75 65 20 7d 2c 0a
20 20 20 20 29 3b 0a 0a  20 20 69 66 20 28 63 68
61 72 61 63 74 65 72 55  70 73 65 72 74 45 72 72
6f 72 29 20 7b 0a 20 20  20 20 74 68 72 6f 77 20
6e 65 77 20 45 72 72 6f  72 28 0a 20 20 20 20 20
20 60 46 61 69 6c 65 64  20 74 6f 20 65 6e 73 75
72 65 20 63 68 61 72 61  63 74 65 72 20 24 7b 63
68 61 72 61 63 74 65 72  49 64 7d 20 65 78 69 73
74 73 20 62 65 66 6f 72  65 20 6d 65 73 73 61 67
65 20 69 6e 73 65 72 74  3a 20 24 7b 63 68 61 72
61 63 74 65 72 55 70 73  65 72 74 45 72 72 6f 72
2e 6d 65 73 73 61 67 65  7d 60 2c 0a 20 20 20 20
29 3b 0a 20 20 7d 0a 0a  20 20 63 6f 6e 73 74 20
7b 20 64 61 74 61 2c 20  65 72 72 6f 72 20 7d 20
3d 20 61 77 61 69 74 20  73 75 70 61 62 61 73 65
0a 20 20 20 20 2e 66 72  6f 6d 28 22 6d 65 73 73
61 67 65 73 22 29 0a 20  20 20 20 2e 69 6e 73 65
72 74 28 7b 20 63 6f 6e  76 65 72 73 61 74 69 6f
6e 5f 69 64 3a 20 63 6f  6e 76 65 72 73 61 74 69
6f 6e 49 64 2c 20 63 68  61 72 61 63 74 65 72 5f
69 64 3a 20 63 68 61 72  61 63 74 65 72 49 64 2c
20 63 6f 6e 74 65 6e 74  20 7d 29 0a 20 20 20 20
2e 73 65 6c 65 63 74 28  22 69 64 22 29 0a 20 20
20 20 2e 73 69 6e 67 6c  65 28 29 3b 0a 0a 20 20
69 66 20 28 65 72 72 6f  72 20 7c 7c 20 21 64 61
74 61 29 20 7b 0a 20 20  20 20 74 68 72 6f 77 20
6e 65 77 20 45 72 72 6f  72 28 0a 20 20 20 20 20
20 60 46 61 69 6c 65 64  20 74 6f 20 69 6e 73 65
72 74 20 61 73 73 69 73  74 61 6e 74 20 6d 65 73
73 61 67 65 3a 20 24 7b  65 72 72 6f 72 3f 2e 6d
65 73 73 61 67 65 20 3f  3f 20 22 75 6e 6b 6e 6f
77 6e 22 7d 60 2c 0a 20  20 20 20 29 3b 0a 20 20
7d 0a 0a 20 20 72 65 74  75 72 6e 20 64 61 74 61
2e 69 64 20 61 73 20 6e  75 6d 62 65 72 3b 0a 7d
0a 0a 65 78 70 6f 72 74  20 69 6e 74 65 72 66 61
63 65 20 53 74 6f 72 65  64 43 6f 6e 76 65 72 73
61 74 69 6f 6e 4d 65 73  73 61 67 65 20 7b 0a 20
20 69 64 3a 20 6e 75 6d  62 65 72 3b 0a 20 20 63
6f 6e 76 65 72 73 61 74  69 6f 6e 5f 69 64 3a 20
6e 75 6d 62 65 72 3b 0a  20 20 63 68 61 72 61 63
74 65 72 5f 69 64 3a 20  6e 75 6d 62 65 72 20 7c
20 6e 75 6c 6c 3b 0a 20  20 63 6f 6e 74 65 6e 74
3a 20 73 74 72 69 6e 67  3b 0a 20 20 63 72 65 61
74 65 64 5f 61 74 3a 20  73 74 72 69 6e 67 3b 0a
7d 0a 0a 65 78 70 6f 72  74 20 61 73 79 6e 63 20
66 75 6e 63 74 69 6f 6e  20 66 65 74 63 68 43 6f
6e 76 65 72 73 61 74 69  6f 6e 4d 65 73 73 61 67
65 73 28 0a 20 20 63 6f  6e 76 65 72 73 61 74 69
6f 6e 49 64 3a 20 6e 75  6d 62 65 72 2c 0a 29 3a
20 50 72 6f 6d 69 73 65  3c 53 74 6f 72 65 64 43
6f 6e 76 65 72 73 61 74  69 6f 6e 4d 65 73 73 61
67 65 5b 5d 3e 20 7b 0a  20 20 63 6f 6e 73 74 20
73 75 70 61 62 61 73 65  20 3d 20 67 65 74 53 75
70 61 62 61 73 65 41 64  6d 69 6e 28 29 3b 0a 0a
20 20 63 6f 6e 73 74 20  7b 20 64 61 74 61 2c 20
65 72 72 6f 72 20 7d 20  3d 20 61 77 61 69 74 20
73 75 70 61 62 61 73 65  0a 20 20 20 20 2e 66 72
6f 6d 28 22 6d 65 73 73  61 67 65 73 22 29 0a 20
20 20 20 2e 73 65 6c 65  63 74 28 22 69 64 2c 20
63 6f 6e 76 65 72 73 61  74 69 6f 6e 5f 69 64 2c
20 63 68 61 72 61 63 74  65 72 5f 69 64 2c 20 63
6f 6e 74 65 6e 74 2c 20  63 72 65 61 74 65 64 5f
61 74 22 29 0a 20 20 20  20 2e 65 71 28 22 63 6f
6e 76 65 72 73 61 74 69  6f 6e 5f 69 64 22 2c 20
63 6f 6e 76 65 72 73 61  74 69 6f 6e 49 64 29 0a
20 20 20 20 2e 6f 72 64  65 72 28 22 63 72 65 61
74 65 64 5f 61 74 22 2c  20 7b 20 61 73 63 65 6e
64 69 6e 67 3a 20 74 72  75 65 20 7d 29 0a 20 20
20 20 2e 6f 72 64 65 72  28 22 69 64 22 2c 20 7b
20 61 73 63 65 6e 64 69  6e 67 3a 20 74 72 75 65
20 7d 29 3b 0a 0a 20 20  69 66 20 28 65 72 72 6f
72 29 20 7b 0a 20 20 20  20 74 68 72 6f 77 20 6e
65 77 20 45 72 72 6f 72  28 60 46 61 69 6c 65 64
20 74 6f 20 66 65 74 63  68 20 63 6f 6e 76 65 72
73 61 74 69 6f 6e 20 6d  65 73 73 61 67 65 73 3a
20 24 7b 65 72 72 6f 72  2e 6d 65 73 73 61 67 65
7d 60 29 3b 0a 20 20 7d  0a 0a 20 20 72 65 74 75
72 6e 20 28 64 61 74 61  20 3f 3f 20 5b 5d 29 20
61 73 20 53 74 6f 72 65  64 43 6f 6e 76 65 72 73
61 74 69 6f 6e 4d 65 73  73 61 67 65 5b 5d 3b 0a
7d 0a 0a 65 78 70 6f 72  74 20 69 6e 74 65 72 66
61 63 65 20 52 65 63 65  6e 74 43 6f 6e 76 65 72
73 61 74 69 6f 6e 54 75  72 6e 20 7b 0a 20 20 73
70 65 61 6b 65 72 3a 20  73 74 72 69 6e 67 3b 0a
20 20 63 6f 6e 74 65 6e  74 3a 20 73 74 72 69 6e
67 3b 0a 20 20 74 69 6d  65 73 74 61 6d 70 3a 20
73 74 72 69 6e 67 3b 0a  7d 0a 0a 65 78 70 6f 72
74 20 61 73 79 6e 63 20  66 75 6e 63 74 69 6f 6e
20 66 65 74 63 68 52 65  63 65 6e 74 43 6f 6e 76
65 72 73 61 74 69 6f 6e  54 75 72 6e 73 28 0a 20
20 63 6f 6e 76 65 72 73  61 74 69 6f 6e 49 64 3a
20 6e 75 6d 62 65 72 2c  0a 20 20 6c 69 6d 69 74
20 3d 20 36 2c 0a 20 20  63 68 61 72 61 63 74 65
72 4e 61 6d 65 20 3d 20  22 43 68 61 72 61 63 74
65 72 22 2c 0a 29 3a 20  50 72 6f 6d 69 73 65 3c
52 65 63 65 6e 74 43 6f  6e 76 65 72 73 61 74 69
6f 6e 54 75 72 6e 5b 5d  3e 20 7b 0a 20 20 63 6f
6e 73 74 20 73 75 70 61  62 61 73 65 20 3d 20 67
65 74 53 75 70 61 62 61  73 65 41 64 6d 69 6e 28
29 3b 0a 0a 20 20 63 6f  6e 73 74 20 7b 20 64 61
74 61 2c 20 65 72 72 6f  72 20 7d 20 3d 20 61 77
61 69 74 20 73 75 70 61  62 61 73 65 0a 20 20 20
20 2e 66 72 6f 6d 28 22  6d 65 73 73 61 67 65 73
22 29 0a 20 20 20 20 2e  73 65 6c 65 63 74 28 22
63 68 61 72 61 63 74 65  72 5f 69 64 2c 20 63 6f
6e 74 65 6e 74 2c 20 63  72 65 61 74 65 64 5f 61
74 22 29 0a 20 20 20 20  2e 65 71 28 22 63 6f 6e
76 65 72 73 61 74 69 6f  6e 5f 69 64 22 2c 20 63
6f 6e 76 65 72 73 61 74  69 6f 6e 49 64 29 0a 20
20 20 20 2e 6f 72 64 65  72 28 22 63 72 65 61 74
65 64 5f 61 74 22 2c 20  7b 20 61 73 63 65 6e 64
69 6e 67 3a 20 66 61 6c  73 65 20 7d 29 0a 20 20
20 20 2e 6f 72 64 65 72  28 22 69 64 22 2c 20 7b
20 61 73 63 65 6e 64 69  6e 67 3a 20 66 61 6c 73
65 20 7d 29 0a 20 20 20  20 2e 6c 69 6d 69 74 28
6c 69 6d 69 74 29 3b 0a  0a 20 20 69 66 20 28 65
72 72 6f 72 29 20 7b 0a  20 20 20 20 74 68 72 6f
77 20 6e 65 77 20 45 72  72 6f 72 28 60 46 61 69
6c 65 64 20 74 6f 20 66  65 74 63 68 20 72 65 63
65 6e 74 20 63 6f 6e 76  65 72 73 61 74 69 6f 6e
20 74 75 72 6e 73 3a 20  24 7b 65 72 72 6f 72 2e
6d 65 73 73 61 67 65 7d  60 29 3b 0a 20 20 7d 0a
0a 20 20 72 65 74 75 72  6e 20 28 64 61 74 61 20
3f 3f 20 5b 5d 29 0a 20  20 20 20 2e 72 65 76 65
72 73 65 28 29 0a 20 20  20 20 2e 6d 61 70 28 28
72 6f 77 29 20 3d 3e 20  28 7b 0a 20 20 20 20 20
20 73 70 65 61 6b 65 72  3a 20 72 6f 77 2e 63 68
61 72 61 63 74 65 72 5f  69 64 20 3d 3d 3d 20 6e
75 6c 6c 20 3f 20 22 55  73 65 72 22 20 3a 20 63
68 61 72 61 63 74 65 72  4e 61 6d 65 2c 0a 20 20
20 20 20 20 63 6f 6e 74  65 6e 74 3a 20 72 6f 77
2e 63 6f 6e 74 65 6e 74  20 61 73 20 73 74 72 69
6e 67 2c 0a 20 20 20 20  20 20 74 69 6d 65 73 74
61 6d 70 3a 20 72 6f 77  2e 63 72 65 61 74 65 64
5f 61 74 20 61 73 20 73  74 72 69 6e 67 2c 0a 20
20 20 20 7d 29 29 3b 0a  7d 0a 0a 65 78 70 6f 72
74 20 61 73 79 6e 63 20  66 75 6e 63 74 69 6f 6e
20 61 70 70 6c 79 43 6f  6e 76 65 72 73 61 74 69
6f 6e 4c 6f 63 6b 28 0a  20 20 63 6f 6e 76 65 72
73 61 74 69 6f 6e 49 64  3a 20 6e 75 6d 62 65 72
2c 0a 29 3a 20 50 72 6f  6d 69 73 65 3c 73 74 72
69 6e 67 3e 20 7b 0a 20  20 63 6f 6e 73 74 20 73
75 70 61 62 61 73 65 20  3d 20 67 65 74 53 75 70
61 62 61 73 65 41 64 6d  69 6e 28 29 3b 0a 20 20
63 6f 6e 73 74 20 6c 6f  63 6b 65 64 55 6e 74 69
6c 20 3d 20 6e 65 77 20  44 61 74 65 28 0a 20 20
20 20 44 61 74 65 2e 6e  6f 77 28 29 20 2b 20 4c
4f 43 4b 5f 44 55 52 41  54 49 4f 4e 5f 48 4f 55
52 53 20 2a 20 36 30 20  2a 20 36 30 20 2a 20 31
30 30 30 2c 0a 20 20 29  2e 74 6f 49 53 4f 53 74
72 69 6e 67 28 29 3b 0a  0a 20 20 63 6f 6e 73 74
20 7b 20 65 72 72 6f 72  20 7d 20 3d 20 61 77 61
69 74 20 73 75 70 61 62  61 73 65 0a 20 20 20 20
2e 66 72 6f 6d 28 22 63  6f 6e 76 65 72 73 61 74
69 6f 6e 73 22 29 0a 20  20 20 20 2e 75 70 64 61
74 65 28 7b 20 6c 6f 63  6b 65 64 5f 75 6e 74 69
6c 3a 20 6c 6f 63 6b 65  64 55 6e 74 69 6c 20 7d
29 0a 20 20 20 20 2e 65  71 28 22 69 64 22 2c 20
63 6f 6e 76 65 72 73 61  74 69 6f 6e 49 64 29 3b
0a 0a 20 20 69 66 20 28  65 72 72 6f 72 29 20 7b
0a 20 20 20 20 74 68 72  6f 77 20 6e 65 77 20 45
72 72 6f 72 28 60 46 61  69 6c 65 64 20 74 6f 20
61 70 70 6c 79 20 63 6f  6e 76 65 72 73 61 74 69
6f 6e 20 6c 6f 63 6b 3a  20 24 7b 65 72 72 6f 72
2e 6d 65 73 73 61 67 65  7d 60 29 3b 0a 20 20 7d
0a 0a 20 20 72 65 74 75  72 6e 20 6c 6f 63 6b 65
64 55 6e 74 69 6c 3b 0a  7d 0a 0a 65 78 70 6f 72
74 20 61 73 79 6e 63 20  66 75 6e 63 74 69 6f 6e
20 63 6c 65 61 72 43 6f  6e 76 65 72 73 61 74 69
6f 6e 4c 6f 63 6b 28 0a  20 20 63 6f 6e 76 65 72
73 61 74 69 6f 6e 49 64  3a 20 6e 75 6d 62 65 72
2c 0a 29 3a 20 50 72 6f  6d 69 73 65 3c 76 6f 69
64 3e 20 7b 0a 20 20 63  6f 6e 73 74 20 73 75 70
61 62 61 73 65 20 3d 20  67 65 74 53 75 70 61 62
61 73 65 41 64 6d 69 6e  28 29 3b 0a 0a 20 20 63
6f 6e 73 74 20 7b 20 65  72 72 6f 72 20 7d 20 3d
20 61 77 61 69 74 20 73  75 70 61 62 61 73 65 0a
20 20 20 20 2e 66 72 6f  6d 28 22 63 6f 6e 76 65
72 73 61 74 69 6f 6e 73  22 29 0a 20 20 20 20 2e
75 70 64 61 74 65 28 7b  20 6c 6f 63 6b 65 64 5f
75 6e 74 69 6c 3a 20 6e  75 6c 6c 20 7d 29 0a 20
20 20 20 2e 65 71 28 22  69 64 22 2c 20 63 6f 6e
76 65 72 73 61 74 69 6f  6e 49 64 29 3b 0a 0a 20
20 69 66 20 28 65 72 72  6f 72 29 20 7b 0a 20 20
20 20 74 68 72 6f 77 20  6e 65 77 20 45 72 72 6f
72 28 60 46 61 69 6c 65  64 20 74 6f 20 63 6c 65
61 72 20 63 6f 6e 76 65  72 73 61 74 69 6f 6e 20
6c 6f 63 6b 3a 20 24 7b  65 72 72 6f 72 2e 6d 65
73 73 61 67 65 7d 60 29  3b 0a 20 20 7d 0a 7d 0a
0a 65 78 70 6f 72 74 20  61 73 79 6e 63 20 66 75
6e 63 74 69 6f 6e 20 69  6e 63 72 65 6d 65 6e 74
50 61 79 6d 65 6e 74 49  6e 74 65 6e 74 43 6c 69
63 6b 73 28 0a 20 20 63  6f 6e 76 65 72 73 61 74
69 6f 6e 49 64 3a 20 6e  75 6d 62 65 72 2c 0a 29
3a 20 50 72 6f 6d 69 73  65 3c 6e 75 6d 62 65 72
3e 20 7b 0a 20 20 63 6f  6e 73 74 20 73 75 70 61
62 61 73 65 20 3d 20 67  65 74 53 75 70 61 62 61
73 65 41 64 6d 69 6e 28  29 3b 0a 0a 20 20 63 6f
6e 73 74 20 7b 20 64 61  74 61 3a 20 63 75 72 72
65 6e 74 2c 20 65 72 72  6f 72 3a 20 66 65 74 63
68 45 72 72 6f 72 20 7d  20 3d 20 61 77 61 69 74
20 73 75 70 61 62 61 73  65 0a 20 20 20 20 2e 66
72 6f 6d 28 22 63 6f 6e  76 65 72 73 61 74 69 6f
6e 73 22 29 0a 20 20 20  20 2e 73 65 6c 65 63 74
28 22 70 61 79 6d 65 6e  74 5f 69 6e 74 65 6e 74
5f 63 6c 69 63 6b 73 22  29 0a 20 20 20 20 2e 65
71 28 22 69 64 22 2c 20  63 6f 6e 76 65 72 73 61
74 69 6f 6e 49 64 29 0a  20 20 20 20 2e 73 69 6e
67 6c 65 28 29 3b 0a 0a  20 20 69 66 20 28 66 65
74 63 68 45 72 72 6f 72  20 7c 7c 20 21 63 75 72
72 65 6e 74 29 20 7b 0a  20 20 20 20 74 68 72 6f
77 20 6e 65 77 20 45 72  72 6f 72 28 0a 20 20 20
20 20 20 60 46 61 69 6c  65 64 20 74 6f 20 66 65
74 63 68 20 63 6f 6e 76  65 72 73 61 74 69 6f 6e
20 66 6f 72 20 70 61 79  6d 65 6e 74 20 69 6e 74
65 6e 74 3a 20 24 7b 66  65 74 63 68 45 72 72 6f
72 3f 2e 6d 65 73 73 61  67 65 20 3f 3f 20 22 6d
69 73 73 69 6e 67 22 7d  60 2c 0a 20 20 20 20 29
3b 0a 20 20 7d 0a 0a 20  20 63 6f 6e 73 74 20 6e
65 78 74 43 6f 75 6e 74  20 3d 20 28 63 75 72 72
65 6e 74 2e 70 61 79 6d  65 6e 74 5f 69 6e 74 65
6e 74 5f 63 6c 69 63 6b  73 20 61 73 20 6e 75 6d
62 65 72 29 20 2b 20 31  3b 0a 0a 20 20 63 6f 6e
73 74 20 7b 20 65 72 72  6f 72 3a 20 75 70 64 61
74 65 45 72 72 6f 72 20  7d 20 3d 20 61 77 61 69
74 20 73 75 70 61 62 61  73 65 0a 20 20 20 20 2e
66 72 6f 6d 28 22 63 6f  6e 76 65 72 73 61 74 69
6f 6e 73 22 29 0a 20 20  20 20 2e 75 70 64 61 74
65 28 7b 20 70 61 79 6d  65 6e 74 5f 69 6e 74 65
6e 74 5f 63 6c 69 63 6b  73 3a 20 6e 65 78 74 43
6f 75 6e 74 20 7d 29 0a  20 20 20 20 2e 65 71 28
22 69 64 22 2c 20 63 6f  6e 76 65 72 73 61 74 69
6f 6e 49 64 29 3b 0a 0a  20 20 69 66 20 28 75 70
64 61 74 65 45 72 72 6f  72 29 20 7b 0a 20 20 20
20 74 68 72 6f 77 20 6e  65 77 20 45 72 72 6f 72
28 0a 20 20 20 20 20 20  60 46 61 69 6c 65 64 20
74 6f 20 69 6e 63 72 65  6d 65 6e 74 20 70 61 79
6d 65 6e 74 20 69 6e 74  65 6e 74 20 63 6c 69 63
6b 73 3a 20 24 7b 75 70  64 61 74 65 45 72 72 6f
72 2e 6d 65 73 73 61 67  65 7d 60 2c 0a 20 20 20
20 29 3b 0a 20 20 7d 0a  0a 20 20 72 65 74 75 72
6e 20 6e 65 78 74 43 6f  75 6e 74 3b 0a 7d 0a
